14870 7726
14542 22793
13482 22901
5065 15714
8727 12507
8879 20562
20108 4513
16654 19114
6868 3283
6830 22887
2952 21847
19961 14807
2952 12781
10477 20780
11472 7956
6456 3820
22887 4164
12654 9207
6340 17807
1293 18000
20316 14870
16654 21178
5131 6456
2774 20250
3534 4639
3372 12851
20108 12851
6222 7650
25289 8072
19423 20108
18453 9656
19645 15933
24955 19961
17655 2952
4511 2741
3858 23161
22887 23293
21281 19423
20574 12710
9249 20250
3387 832
24706 23674
24955 17655
914 1493
1023 15805
2741 11241
12851 12365
10346 5078
18585 13619
3651 19463
9025 21824
1116 6305
3409 11148
8128 25648
6411 22369
17286 17443
21012 14540
25442 3386
16888 8369
3096 23967
20511 339
22903 23674
2404 14709
24765 12135
272 2912
8072 6907
13404 7023
1014 25902
25439 6675
23628 25053
6774 2980
16976 5812
16651 19378
11328 16324
25359 9639
6154 10791
12938 13364
13164 20774
21309 15695
6094 4472
14093 22899
18286 3096
12587 20303
2287 25396
12406 18543
624 2654
11182 13282
25354 7204
4673 10211
15821 18102
3618 21798
2980 22457
20552 10458
1407 14128
14647 18013
10942 23558
3502 5639
24614 16274
25540 16162
22018 9491
